pve2.3-vm/151:1145608:img-server:running:0:1782682192:4:0.00191827008126661:6442450944:653193216:31526391808:16514285568:813897979:250131084:1226338304:25437659136
pve2-node/proxmox:1145621::1782682192:0.00:12:0.0067258541834813:0.00125549278091651:16535691264:5351014400:8589930496:1113063424:100861726720:5979205632:37807329878:258026616052
pve2.3-vm/154:1145602:uptimekuma:running:0:1782682192:1:0.00570000252719221:536870912:230060032:6249086976:2758328320:10520112063:2284879670:3506786304:53169664000
pve2.3-vm/157:1145599:beszel:running:0:1782682192:1:0.00186346236465899:536870912:109203456:6249086976:1339052032:1149234978:340290704:536088576:18116485120
pve2.3-vm/162:1145586:logging:running:0:1782682192:2:0.00427500189539416:1073741824:250580992:10464022528:2117693440:1198184931:1414001438:749965312:11307864064
pve2-storage/proxmox/hdd-storage:1782682192:983350091776:185874751488
pve2-storage/proxmox/hdd-backup:1782682192:983350091776:185874751488
pve2-storage/proxmox/local-lvm:1782682192:374538764288:82773066907
pve2.3-vm/152:1145606:caddy:running:0:1782682192:1:0.0028500012635961:536870912:147034112:6249086976:3627192320:35223090609:31875667519:904290304:3246632960
pve2.3-vm/155:0:forge:stopped:0:1782682192:4:U:4294967296:U:42949672960:0:U:U:U:U
pve2.3-vm/160:1145591:adguard:running:0:1782682192:1:0.0021923086643047:536870912:153436160:2040373248:1761538048:1113425274:450178693:512905216:8215388160
pve2.3-vm/158:1145596:ntfy:running:0:1782682192:1:0.00208269323108946:536870912:105492480:6249086976:1652629504:852997229:218505435:540573696:9283076096
pve2.3-vm/163:1046535:docker-host:running:0:1782682192:2:0.00487788677807795:2147483648:229879808:20957446144:2015121408:933312183:109520968:1734430720:3042181120
pve2-storage/proxmox/local:1782682192:100861726720:5979209728
pve2.3-vm/153:1145604:jellyfin:running:0:1782682192:4:0.0021923086643047:4294967296:1343078400:33501757440:10296463360:30520896151:39980087554:89064669184:135667306496
pve2.3-vm/161:1145588:byparr:running:0:1782682192:1:0.00274038583038087:1073741824:109133824:6257475584:3803377664:952702885:165815798:220830339072:27570147328
pve2.3-vm/156:0:nexus:stopped:0:1782682192:2:U:2147483648:U:21474836480:0:U:U:U:U
pve2.3-vm/159:1145594:apprise:running:0:1782682192:1:0.00208269323108946:536870912:270798848:6249086976:1630261248:861596283:1802335429:1276837888:7584538624
