pve2.3-vm/159:115620:apprise:running:0:1780522194:1:0.000396868824064215:536870912:250802176:6249086976:1138462720:238455399:5233817:1769971712:1775861760
pve2.3-vm/155:0:forge:stopped:0:1780522194:4:U:4294967296:U:42949672960:0:U:U:U:U
pve2.3-vm/154:211540:uptimekuma:running:0:1780522194:1:0.00416712265267425:536870912:212635648:6249086976:2274693120:1342844411:163380831:362360832:4082700288
pve2-storage/proxmox/local:1780522194:100861726720:5153378304
pve2.3-vm/153:211585:jellyfin:running:0:1780522194:4:0.000669716140608362:4294967296:1021108224:33501757440:8545136640:458948167:1789991926:927707136:5181521920
pve2-storage/proxmox/local-lvm:1780522194:374538764288:56480445654
pve2.3-vm/152:23885:caddy:running:0:1780522194:1:0.0012898236782087:536870912:70467584:6249086976:3172499456:56251169:45065526:189353984:12660736
pve2-node/proxmox:211731::1780522194:0.00:12:0.00350762704951464:0.000571009054572151:16535695360:4170031104:8589930496:31981568:100861726720:5153374208:1459190569:21872833236
pve2.3-vm/151:211675:img-server:running:0:1780522194:4:0.000992172060160537:6442450944:796164096:31526391808:15964712960:112078616:39432607:804806656:3548839936
pve2.3-vm/157:211495:beszel:running:0:1780522194:1:0.000198434412032107:536870912:36311040:6249086976:857706496:147791996:51814090:578609152:974598144
pve2-storage/proxmox/hdd-backup:1780522194:983350091776:122147905536
pve2.3-vm/156:0:nexus:stopped:0:1780522194:2:U:2147483648:U:21474836480:0:U:U:U:U
pve2-storage/proxmox/hdd-storage:1780522194:983350091776:122147905536
pve2.3-vm/158:125289:ntfy:running:0:1780522194:1:0:536870912:62287872:6249086976:1182113792:281358016:8690027:3193925632:2616004608
