pve2.3-vm/151:195217:img-server:running:0:1781731800:4:0.0020257016967877:6442450944:850173952:31526391808:16505978880:125787278:42660382:979066880:4151648256
pve2-node/proxmox:195229::1781731800:0.30:12:0.0116580310880829:0.00129533678756477:16535691264:5151928320:8589930496:530055168:100861726720:5950386176:8375897642:58842408339
pve2.3-vm/154:195211:uptimekuma:running:0:1781731800:1:0.0062253271657378:536870912:242688000:6249086976:2732781568:1782794370:286878569:3409596416:9129074688
pve2.3-vm/157:195207:beszel:running:0:1781731800:1:0.00355732980899303:536870912:91353088:6249086976:1313185792:182322366:56681021:392749056:2966810624
pve2.3-vm/162:195195:logging:running:0:1781731800:2:0.00469369905353247:1073741824:239751168:10464022528:2102996992:193510473:251148948:587612160:1652850688
pve2-storage/proxmox/hdd-storage:1781731800:983350091776:162423656448
pve2-storage/proxmox/hdd-backup:1781731800:983350091776:162423656448
pve2-storage/proxmox/local-lvm:1781731800:374538764288:81911627749
pve2.3-vm/152:195215:caddy:running:0:1781731800:1:0.00306325622441066:536870912:138440704:6249086976:3624923136:5183329373:4652318655:503066624:552009728
pve2.3-vm/155:0:forge:stopped:0:1781731800:4:U:4294967296:U:42949672960:0:U:U:U:U
pve2.3-vm/160:195200:adguard:running:0:1781731800:1:0.00316207094132714:536870912:137220096:2040373248:1433604096:168994159:68226460:443539456:1358241792
pve2.3-vm/158:195205:ntfy:running:0:1781731800:1:0.00227273848907888:536870912:97157120:6249086976:1627463680:131859150:36408916:400564224:1433616384
pve2.3-vm/163:96144:docker-host:running:0:1781731800:2:0.00429844018586658:2147483648:220778496:20957446144:1989955584:220889583:17858694:1530503168:963760128
pve2-storage/proxmox/local:1781731800:100861726720:5950390272
pve2.3-vm/153:195213:jellyfin:running:0:1781731800:4:0.015884465744323:4294967296:1060118528:33501757440:10350850048:6395986568:6004738107:9851342848:21127565312
pve2.3-vm/161:195197:byparr:running:0:1781731800:1:0.0025691826398283:1073741824:121348096:6257475584:3786600448:130057878:25175211:1162014720:1602883584
pve2.3-vm/156:0:nexus:stopped:0:1781731800:2:U:2147483648:U:21474836480:0:U:U:U:U
pve2.3-vm/159:195203:apprise:running:0:1781731800:1:0.00296444150749419:536870912:295407616:6249086976:1603522560:133543938:306609605:1155321856:1220468736
