pve2.3-vm/151:952597:img-server:running:0:1784755799:4:0.00222233745403228:6442450944:516714496:31526391808:16543125504:611058574:206715739:1145573376:14293897216
pve2.3-vm/162:952195:logging:running:0:1784755799:2:0.00414836324752692:1073741824:241684480:10464022528:2454585344:903827794:1136611047:689090560:20846424064
pve2.3-vm/154:952462:uptimekuma:running:0:1784755799:1:0.011951236975018:536870912:275128320:6249086976:2818834432:8501460580:380588172:868929536:46490779648
pve2.3-vm/157:952417:beszel:running:0:1784755799:1:0.0023704932843011:536870912:88502272:6249086976:1381703680:1037282939:429346367:529395712:15137398784
pve2-node/proxmox:952653::1784755799:0.00:12:0.00810372771474878:0.00186385737439222:16535691264:5017034752:8589930496:1008992256:100861726720:6461186048:12587683378:330065706549
pve2-storage/proxmox/hdd-storage:1784755799:983350091776:205352755200
pve2-storage/proxmox/hdd-backup:1784755799:983350091776:205352755200
pve2-storage/proxmox/local-lvm:1784755799:374538764288:83671959941
pve2.3-vm/152:952552:caddy:running:0:1784755799:1:0.00316065771240147:536870912:138735616:6249086976:3668996096:18278641542:13385111165:642162688:5421162496
pve2.3-vm/163:952150:docker-host:running:0:1784755799:2:0.00612377431777784:2147483648:196030464:20957446144:2061598720:610772139:63805875:580718592:1407746048
pve2.3-vm/155:0:forge:stopped:0:1784755799:4:U:4294967296:U:42949672960:0:U:U:U:U
pve2.3-vm/158:952373:ntfy:running:0:1784755799:1:0.00217295217727601:536870912:93433856:6249086976:1711779840:787411540:319765586:521850880:6149341184
pve2.3-vm/160:625827:adguard:running:0:1784755799:1:0.00227172273078855:536870912:164712448:2040373248:1575723008:570680369:236922161:507949056:1384841216
pve2-storage/proxmox/local:1784755799:100861726720:6461186048
pve2.3-vm/161:952240:byparr:running:0:1784755799:1:0.00286434605186383:1073741824:114298880:6257475584:3843686400:703548884:119506648:183452876800:20807778304
pve2.3-vm/153:952507:jellyfin:running:0:1784755799:4:0.00271619022159501:4294967296:1323941888:33501757440:10483613696:6165523912:23380088952:20652367872:58380472320
pve2.3-vm/156:0:nexus:stopped:0:1784755799:2:U:2147483648:U:21474836480:0:U:U:U:U
pve2.3-vm/159:952328:apprise:running:0:1784755799:1:0.00395082214050183:536870912:226635776:6249086976:1665581056:643269846:1484856718:662654976:5218160640
