pve2.3-vm/155:0:forge:stopped:0:1780136389:4:U:4294967296:U:42949672960:0:U:U:U:U
pve2.3-vm/154:260:uptimekuma:running:0:1780136389:1:0.0131328139617762:536870912:178122752:6249086976:2264260608:1989068:379177:703979520:3682304
pve2-storage/proxmox/local:1780136389:100861726720:4879302656
pve2.3-vm/153:305:jellyfin:running:0:1780136389:4:0.0021888023269627:4294967296:616865792:33501757440:8472653824:2554199:2168705:2632863744:51625984
pve2-storage/proxmox/local-lvm:1780136389:374538764288:50712548684
pve2.3-vm/152:350:caddy:running:0:1780136389:1:0.00109440116348135:536870912:62185472:6249086976:3162828800:866440:611894:679456768:233472
pve2-node/proxmox:451::1780136389:0.23:12:0.0040950040950041:0.00040950040950041:16535691264:3235033088:8589930496:0:100861726720:4879302656:3468697:2118165
pve2.3-vm/151:395:img-server:running:0:1780136389:4:0.00109440116348135:6442450944:731742208:31526391808:15921766400:375377:58452:1677160448:12304384
pve2-storage/proxmox/hdd-backup:1780136389:983350091776:102079377408
pve2.3-vm/156:0:nexus:stopped:0:1780136389:2:U:2147483648:U:21474836480:0:U:U:U:U
pve2-storage/proxmox/hdd-storage:1780136389:983350091776:102079377408
