pve2.3-vm/151:972807:img-server:running:0:1782509391:4:0.00202665677088165:6442450944:687214592:31526391808:16514752512:710346895:212820203:1216745472:21361156096
pve2-node/proxmox:972830::1782509401:0.26:12:0.0289232763509682:0.0015393340354857:16535691264:5389058048:8589930496:1110179840:100861726720:5970120704:35857465156:181406043821
pve2.3-vm/154:972801:uptimekuma:running:0:1782509391:1:0.00514880368818582:536870912:230416384:6249086976:2758295552:8982169370:2164055596:3499302912:45311086592
pve2.3-vm/157:972797:beszel:running:0:1782509391:1:0.00164323521963377:536870912:105410560:6249086976:1338937344:993996492:288315659:531230720:15396966400
pve2.3-vm/162:972785:logging:running:0:1782509391:2:0.00416286255640556:1073741824:248836096:10464022528:2117201920:1039946455:1205468646:739811328:9404555264
pve2-storage/proxmox/hdd-storage:1782509391:983350091776:185883979776
pve2-storage/proxmox/hdd-backup:1782509391:983350091776:185883979776
pve2-storage/proxmox/local-lvm:1782509391:374538764288:82623251401
pve2.3-vm/152:972805:caddy:running:0:1782509391:1:0.00295782339534079:536870912:145649664:6249086976:3627192320:34939552469:31639606289:901312512:2896297984
pve2.3-vm/155:0:forge:stopped:0:1782509391:4:U:4294967296:U:42949672960:0:U:U:U:U
pve2.3-vm/160:972790:adguard:running:0:1782509391:1:0.00558699974675483:536870912:150327296:2040373248:1705050112:962643175:380144632:499232768:7060078592
pve2.3-vm/158:972795:ntfy:running:0:1782509391:1:0.00241007832212953:536870912:101588992:6249086976:1652629504:742608727:184884618:531496960:7858057216
pve2.3-vm/163:873734:docker-host:running:0:1782509391:2:0.00558699974675483:2147483648:229429248:20957446144:2015121408:832391802:100192901:1676693504:2799767552
pve2-storage/proxmox/local:1782509391:100861726720:5970120704
pve2.3-vm/153:972803:jellyfin:running:0:1782509391:4:0.032015699529198:4294967296:1352241152:33501757440:10296832000:30182831510:38646245473:88949886976:128049115136
pve2.3-vm/161:972787:byparr:running:0:1782509391:1:0.00262917635141404:1073741824:108777472:6257475584:3803377664:824912052:139987368:213702795264:23029620736
pve2.3-vm/156:0:nexus:stopped:0:1782509391:2:U:2147483648:U:21474836480:0:U:U:U:U
pve2.3-vm/159:972793:apprise:running:0:1782509391:1:0.00241007832212953:536870912:284741632:6249086976:1621590016:750703167:1530713991:1270792192:6469619712
