pve2.3-vm/151:1404813:img-server:running:0:1782941396:4:0.00234543086815138:6442450944:682135552:31526391808:16514306048:971558773:306389615:1241657344:31345287168
pve2-node/proxmox:1404825::1782941396:0.52:12:0.0071301247771836:0.00113433803273375:16535691264:5253914624:8589930496:717225984:100861726720:6203150336:45901190175:326311747355
pve2.3-vm/154:1404807:uptimekuma:running:0:1782941396:1:0.00553027909964115:536870912:239263744:6249086976:2766495744:12823228003:2386760395:3514101760:65060536320
pve2.3-vm/157:1404803:beszel:running:0:1782941396:1:0.00177758971059894:536870912:115015680:6249086976:1339056128:1384477826:418436897:544661504:22248595456
pve2.3-vm/162:1404791:logging:running:0:1782941396:2:0.00434521929257519:1073741824:250048512:10464022528:2118189056:1438737545:1732050555:775319552:14073098240
pve2-storage/proxmox/hdd-storage:1782941396:983350091776:188994392064
pve2-storage/proxmox/hdd-backup:1782941396:983350091776:188994392064
pve2-storage/proxmox/local-lvm:1782941396:374538764288:82810520784
pve2.3-vm/152:1404811:caddy:running:0:1782941396:1:0.00355517942119788:536870912:156426240:6249086976:3626995712:48166407489:43312401387:908681216:3806015488
pve2.3-vm/155:0:forge:stopped:0:1782941396:4:U:4294967296:U:42949672960:0:U:U:U:U
pve2.3-vm/160:1404795:adguard:running:0:1782941396:1:0.00227136463020976:536870912:155922432:2040373248:1835950080:1342274864:556294878:601845760:9905303552
pve2.3-vm/158:1404801:ntfy:running:0:1782941396:1:0.00266638456589841:536870912:111144960:6249086976:1660960768:1021222690:269235438:548925440:11261939712
pve2.3-vm/163:1305740:docker-host:running:0:1782941396:2:0.0053821466237579:2147483648:234549248:20957446144:2023370752:1090143034:126813460:1764855808:3426516992
pve2-storage/proxmox/local:1782941396:100861726720:6203154432
pve2.3-vm/153:25877:jellyfin:running:0:1782941396:4:0.00424646430865302:4294967296:1050828800:33501757440:11062726656:141392735:3652246225:5368979456:6372143104
pve2.3-vm/161:1404793:byparr:running:0:1782941396:1:0.0029626495176649:1073741824:118435840:6257475584:3811680256:1144794000:203267058:231510425600:33933402112
pve2.3-vm/156:0:nexus:stopped:0:1782941396:2:U:2147483648:U:21474836480:0:U:U:U:U
pve2.3-vm/159:1404799:apprise:running:0:1782941396:1:0.00227136463020976:536870912:277364736:6249086976:1630650368:1029824371:2209359708:1302597632:9230663680
