pve2.3-vm/151:8050:img-server:running:0:1781126998:4:0.00115424111257875:6442450944:774737920:31526391808:16058126336:19073390:33156518:686006272:158244864
pve2-node/proxmox:8106::1781126998:0.20:12:0.00468131076701476:0.00072020165646381:16535687168:4412719104:8589930496:262144:100861726720:5274222592:46752582:119963622
pve2.3-vm/154:7915:uptimekuma:running:0:1781126998:1:0.00604602487541248:536870912:204767232:6249086976:2278486016:76057278:11557676:228761600:262782976
pve2.3-vm/157:7870:beszel:running:0:1781126998:1:0.0001099277250075:536870912:28241920:6249086976:861188096:21013844:1998561:111304704:67403776
pve2-storage/proxmox/hdd-storage:1781126998:983350091776:151337525248
pve2-storage/proxmox/hdd-backup:1781126998:983350091776:151337525248
pve2.3-vm/160:7735:adguard:running:0:1781126998:1:0:536870912:69357568:2040373248:871485440:19144382:1516738:113065984:266240
pve2.3-vm/152:8005:caddy:running:0:1781126998:1:0.00164891587511249:536870912:82677760:6249086976:3173023744:126139439:105747732:243425280:1658880
pve2.3-vm/155:0:forge:stopped:0:1781126998:4:U:4294967296:U:42949672960:0:U:U:U:U
pve2-storage/proxmox/local-lvm:1781126998:374538764288:71536903979
pve2.3-vm/158:7825:ntfy:running:0:1781126998:1:0:536870912:34693120:6249086976:1175748608:19204628:1479327:114544640:6303744
pve2-storage/proxmox/local:1781126998:100861726720:5274222592
pve2.3-vm/153:7960:jellyfin:running:0:1781126998:4:0.000494674762533748:4294967296:1043464192:33501757440:11804602368:23683699:95606056:3083235328:2174529536
pve2.3-vm/161:7690:byparr:running:0:1781126998:1:0.000769494075052498:1073741824:153096192:6257475584:3334995968:18211865:630079:557735936:6111232
pve2.3-vm/156:0:nexus:stopped:0:1781126998:2:U:2147483648:U:21474836480:0:U:U:U:U
pve2.3-vm/159:7780:apprise:running:0:1781126998:1:0.000329783175022499:536870912:216809472:6249086976:1142448128:18683430:11812401:104804352:847872
