pve2.3-vm/151:126172:img-server:running:0:1780867796:4:0.00126238611322247:6442450944:789766144:31526391808:16032432128:67898261:23642936:776650752:2084892672
pve2.3-vm/154:126037:uptimekuma:running:0:1780867796:1:0.00445548039960872:536870912:216006656:6249086976:2277797888:988849988:178024675:331886592:4200144896
pve2-node/proxmox:126228::1780867796:0.08:12:0.00632295719844358:0.000891699092088197:16535687168:4446584832:8589930496:360185856:100861726720:5234909184:19985191203:37441467508
pve2.3-vm/157:125992:beszel:running:0:1780867796:1:0.000198021351093721:536870912:38301696:6249086976:859992064:97295983:26110433:178642944:914214912
pve2-storage/proxmox/hdd-storage:1780867796:983350091776:142776430592
pve2-storage/proxmox/hdd-backup:1780867796:983350091776:142776430592
pve2-storage/proxmox/local-lvm:1780867796:374538764288:71536903979
pve2.3-vm/160:111760:adguard:running:0:1780867796:1:9.90106755468604e-05:536870912:103964672:2040373248:886525952:167436436:33728083:1268731904:1328652288
pve2.3-vm/155:0:forge:stopped:0:1780867796:4:U:4294967296:U:42949672960:0:U:U:U:U
pve2.3-vm/152:97939:caddy:running:0:1780867796:1:0.00158417080874977:536870912:91852800:6249086976:3172962304:3745306067:3744527418:256024576:50843648
pve2.3-vm/158:96178:ntfy:running:0:1780867796:1:9.90106755468604e-05:536870912:45158400:6249086976:1175715840:55792046:13679373:497192960:38875136
pve2-storage/proxmox/local:1780867796:100861726720:5234913280
pve2.3-vm/161:95357:byparr:running:0:1780867796:1:0.000891096079921743:1073741824:69697536:6257475584:3326607360:86504946:11835300:7994589184:3946045440
pve2.3-vm/153:40194:jellyfin:running:0:1780867796:4:0.00193070817316378:4294967296:998928384:33501757440:9300336640:2420103112:533653091:13132406784:19624980480
pve2.3-vm/156:0:nexus:stopped:0:1780867796:2:U:2147483648:U:21474836480:0:U:U:U:U
pve2.3-vm/159:95922:apprise:running:0:1780867796:1:0.000396042702187441:536870912:266039296:6249086976:1141981184:60065546:146490647:456663040:88952832
