pve2.3-vm/151:88597:img-server:running:0:1783891799:4:0.00197606845483189:6442450944:834011136:31526391808:16534355968:56747558:19320319:942395392:1036853248
pve2.3-vm/162:88196:logging:running:0:1783891799:2:0.00419914546651776:1073741824:228638720:10464022528:2141564928:97965023:103508853:550735872:1689264128
pve2.3-vm/154:88462:uptimekuma:running:0:1783891799:1:0.0086947012012603:536870912:249331712:6249086976:2793484288:786747419:33826718:706330624:4415942656
pve2.3-vm/157:88418:beszel:running:0:1783891799:1:0.00375453006418059:536870912:88330240:6249086976:1365139456:84817966:28073984:390152192:1323069440
pve2-node/proxmox:88653::1783891799:0.01:12:0.00737917612714888:0.00178397664612391:16535691264:5102919680:8589930496:466878464:100861726720:6221213696:7023765035:142161917936
pve2-storage/proxmox/hdd-storage:1783891800:983350091776:225506533376
pve2-storage/proxmox/hdd-backup:1783891800:983350091776:225506533376
pve2-storage/proxmox/local-lvm:1783891800:374538764288:83372328930
pve2.3-vm/152:88552:caddy:running:0:1783891799:1:0.00316170952773102:536870912:126410752:6249086976:3643813888:16719667763:12106192547:548012032:560652288
pve2.3-vm/163:88150:docker-host:running:0:1783891799:2:0.0053353848280461:2147483648:191012864:20957446144:2044821504:54632195:4849513:385261568:122941440
pve2.3-vm/155:0:forge:stopped:0:1783891799:4:U:4294967296:U:42949672960:0:U:U:U:U
pve2.3-vm/158:88373:ntfy:running:0:1783891799:1:0.0017784616093487:536870912:95858688:6249086976:1695002624:60746702:16762691:386531328:343515136
pve2.3-vm/160:88285:adguard:running:0:1783891799:1:0.00207487187757348:536870912:106577920:2040373248:1916223488:55840503:7394688:366465024:544768
pve2-storage/proxmox/local:1783891800:100861726720:6221213696
pve2.3-vm/161:88241:byparr:running:0:1783891799:1:0.00276649583676464:1073741824:152227840:6257475584:3835293696:55871753:7637567:904364032:357662720
pve2.3-vm/153:88507:jellyfin:running:0:1783891799:4:0.00965803457299085:4294967296:1061122048:33501757440:10408443904:4794208046:17333404009:8767836160:13114621952
pve2.3-vm/156:0:nexus:stopped:0:1783891799:2:U:2147483648:U:21474836480:0:U:U:U:U
pve2.3-vm/159:88329:apprise:running:0:1783891799:1:0.00306290610498943:536870912:247730176:6249086976:1655767040:57822304:135407278:513290240:293208064
