pve2.3-vm/155:0:forge:stopped:0:1780262992:4:U:4294967296:U:42949672960:0:U:U:U:U
pve2.3-vm/154:30946:uptimekuma:running:0:1780262992:1:0.00367795944806689:536870912:196595712:6249086976:2273992704:192466915:19668784:282140672:580116480
pve2-storage/proxmox/local:1780262992:100861726720:5125640192
pve2.3-vm/153:30991:jellyfin:running:0:1780262992:4:0.000521872624387869:4294967296:946290688:33501757440:8521129984:42675738:209742271:889790464:737067008
pve2-storage/proxmox/local-lvm:1780262992:374538764288:52472880876
pve2.3-vm/152:31036:caddy:running:0:1780262992:1:0.00119285171288656:536870912:70856704:6249086976:3172376576:43760044:36537082:272183296:2347008
pve2-node/proxmox:31137::1780262992:0.00:12:0.00261673072205413:0.000735955515577725:16535678976:3718127616:8589930496:0:100861726720:5125640192:64073173:79676088
pve2.3-vm/151:31081:img-server:running:0:1780262992:4:0.00104374524877574:6442450944:780443648:31526391808:15947534336:13566927:5722356:759414784:470327296
pve2.3-vm/157:30901:beszel:running:0:1780262992:1:0.000198808618814426:536870912:26656768:6249086976:857350144:16881164:3230211:562262016:136572928
pve2-storage/proxmox/hdd-backup:1780262992:983350091776:121836376064
pve2.3-vm/156:0:nexus:stopped:0:1780262992:2:U:2147483648:U:21474836480:0:U:U:U:U
pve2-storage/proxmox/hdd-storage:1780262992:983350091776:121836376064
