pve2.3-vm/151:2009613:img-server:running:0:1783546196:4:0.00234393604522582:6442450944:549474304:31526391808:16522833920:1364257112:445526038:1488936960:45741735936
pve2-node/proxmox:2009625::1783546196:0.01:12:0.00768173364599337:0.00113204495835692:16535691264:4924334080:8589930496:1673003008:100861726720:6211117056:60273963999:447439013945
pve2.3-vm/154:2009607:uptimekuma:running:0:1783546196:1:0.00572413855255148:536870912:248918016:6249086976:2776616960:18218619741:2626422511:3584114688:92710277120
pve2.3-vm/157:2009603:beszel:running:0:1783546196:1:0.00197384088019017:536870912:106958848:6249086976:1356136448:1957228229:601759581:615153664:32117223424
pve2.3-vm/162:2009591:logging:running:0:1783546196:2:0.00424375789240886:1073741824:241065984:10464022528:2119016448:2017521252:2461634758:806764544:20893995008
pve2-storage/proxmox/hdd-storage:1783546196:983350091776:203121635328
pve2-storage/proxmox/hdd-backup:1783546196:983350091776:203121635328
pve2-storage/proxmox/local-lvm:1783546196:374538764288:82885428536
pve2.3-vm/152:2009611:caddy:running:0:1783546196:1:0.00305945336429476:536870912:166637568:6249086976:3635384320:59260036260:54507673660:917155840:5247045632
pve2.3-vm/155:0:forge:stopped:0:1783546196:4:U:4294967296:U:42949672960:0:U:U:U:U
pve2.3-vm/160:2009596:adguard:running:0:1783546196:1:0.00207253292419967:536870912:169820160:2040373248:1916223488:1888954290:791342625:640823296:11568594944
pve2.3-vm/158:2009601:ntfy:running:0:1783546196:1:0.00177645679217115:536870912:106139648:6249086976:1678196736:1438051246:389112178:630849536:16219115520
pve2.3-vm/163:1910540:docker-host:running:0:1783546196:2:0.00616825275059427:2147483648:196550656:20957446144:2036404224:1475064406:166143941:1885081600:4569640960
pve2-storage/proxmox/local:1783546196:100861726720:6211121152
pve2.3-vm/153:630677:jellyfin:running:0:1783546196:4:0.00382431670536845:4294967296:1217761280:33501757440:10354094080:11705277851:18383711170:72008167424:85136121856
pve2.3-vm/161:2009593:byparr:running:0:1783546196:1:0.00266468518825672:1073741824:124989440:6257475584:3826905088:1609478411:289714988:262915846144:49977204736
pve2.3-vm/156:0:nexus:stopped:0:1783546196:2:U:2147483648:U:21474836480:0:U:U:U:U
pve2.3-vm/159:2009599:apprise:running:0:1783546196:1:0.0023686090562282:536870912:283709440:6249086976:1640034304:1447291801:3161249729:1381756928:13285752832
