pve2.3-vm/151:347791:img-server:running:0:1784150993:4:0.00199944683355526:6442450944:855846912:31526391808:16534724608:229230111:75688011:1028460544:4168413184
pve2.3-vm/162:347389:logging:running:0:1784150993:2:0.00375204837901727:1073741824:231596032:10464022528:2207567872:327466428:407271605:611315712:6835003392
pve2.3-vm/154:347656:uptimekuma:running:0:1784150993:1:0.0200438373931712:536870912:260870144:6249086976:2802057216:3112061429:137377885:823693312:17250996224
pve2.3-vm/157:347612:beszel:running:0:1784150993:1:0.0030608815723562:536870912:95866880:6249086976:1373261824:355080454:126991609:451293184:5530914816
pve2-node/proxmox:347847::1784150993:0.06:12:0.0094026100348545:0.00154008267812272:16535691264:5326155776:8589930496:559415296:100861726720:6441168896:9246405177:229975901257
pve2-storage/proxmox/hdd-storage:1784150994:983350091776:226782031872
pve2-storage/proxmox/hdd-backup:1784150994:983350091776:226782031872
pve2-storage/proxmox/local-lvm:1784150994:374538764288:83447236683
pve2.3-vm/152:347746:caddy:running:0:1784150993:1:0.00325835780283079:536870912:130977792:6249086976:3652210688:17410118946:12693856108:567226368:1924501504
pve2.3-vm/163:347344:docker-host:running:0:1784150993:2:0.00473942953139024:2147483648:201138176:20957446144:2044821504:226917131:18337187:455180288:445931520
pve2.3-vm/155:0:forge:stopped:0:1784150993:4:U:4294967296:U:42949672960:0:U:U:U:U
pve2.3-vm/158:347567:ntfy:running:0:1784150993:1:0.00197476230474593:536870912:102076416:6249086976:1695002624:259991363:80029394:448929792:1408835584
pve2.3-vm/160:21022:adguard:running:0:1784150993:1:0.00207350041998323:536870912:154591232:2040373248:1377705984:31718617:9853227:429387776:103038976
pve2-storage/proxmox/local:1784150994:100861726720:6441172992
pve2.3-vm/161:347435:byparr:running:0:1784150993:1:0.00543059633805132:1073741824:101236736:6257475584:3835195392:232093303:30993942:81930518528:3029372928
pve2.3-vm/153:347701:jellyfin:running:0:1784150993:4:0.00264124458259769:4294967296:1203208192:33501757440:10435907584:5227341899:19426655564:20360306688:31921913856
pve2.3-vm/156:0:nexus:stopped:0:1784150993:2:U:2147483648:U:21474836480:0:U:U:U:U
pve2.3-vm/159:347523:apprise:running:0:1784150993:1:0.00246845288093242:536870912:245821440:6249086976:1656197120:234999553:532909409:579674112:922820608
