pve2.3-vm/151:520592:img-server:running:0:1784323794:4:0.00209870780913493:6442450944:870887424:31526391808:16534958080:331930061:113251998:1028575232:6259396608
pve2.3-vm/162:520191:logging:running:0:1784323794:2:0.00577761914514793:1073741824:235778048:10464022528:2270744576:484646142:615673947:614301696:10682081280
pve2.3-vm/154:520457:uptimekuma:running:0:1784323794:1:0.0103700856451373:536870912:268824576:6249086976:2802057216:4644772137:206234788:831860736:25550286848
pve2.3-vm/157:520413:beszel:running:0:1784323794:1:0.00227154256988722:536870912:100769792:6249086976:1373536256:541910195:211825339:456806400:8293965824
pve2-node/proxmox:520648::1784323794:0.19:12:0.00996677740863787:0.00170164492342598:16535691264:5415342080:8589930496:537919488:100861726720:6444834816:9823608157:230723742976
pve2-storage/proxmox/hdd-storage:1784323795:983350091776:226786775040
pve2-storage/proxmox/hdd-backup:1784323795:983350091776:226786775040
pve2-storage/proxmox/local-lvm:1784323795:374538764288:83522144436
pve2.3-vm/152:520547:caddy:running:0:1784323794:1:0.0028641188924665:536870912:135147520:6249086976:3660603392:17684822106:12935411814:570761216:2938224640
pve2.3-vm/163:520145:docker-host:running:0:1784323794:2:0.00548133098385829:2147483648:208306176:20957446144:2053107712:330065611:32412218:470470656:672014336
pve2.3-vm/155:0:forge:stopped:0:1784323794:4:U:4294967296:U:42949672960:0:U:U:U:U
pve2.3-vm/158:520368:ntfy:running:0:1784323794:1:0.00207401712902746:536870912:105283584:6249086976:1703391232:402555843:146889913:449359872:2738601984
pve2.3-vm/160:193823:adguard:running:0:1784323794:1:0.0042467969784848:536870912:156741632:2040373248:1434513408:179483012:75431769:479739904:487878656
pve2-storage/proxmox/local:1784323795:100861726720:6444838912
pve2.3-vm/161:520236:byparr:running:0:1784323794:1:0.00246906801074698:1073741824:114491392:6257475584:3835297792:357775722:55974340:89556729856:7998377984
pve2.3-vm/153:520502:jellyfin:running:0:1784323794:4:0.00701215315052142:4294967296:1289183232:33501757440:10450890752:5571099139:20687393515:20429742080:39328907264
pve2.3-vm/156:0:nexus:stopped:0:1784323794:2:U:2147483648:U:21474836480:0:U:U:U:U
pve2.3-vm/159:520324:apprise:running:0:1784323794:1:0.00355545793547565:536870912:268812288:6249086976:1656475648:345268679:805024884:583401472:2135228416
