pve2.3-vm/151:1577615:img-server:running:0:1783114199:4:0.00208288386185715:6442450944:698044416:31526391808:16514547712:1077901059:344008293:1251852288:35522248704
pve2-node/proxmox:1577628::1783114199:0.05:12:0.00673249551166966:0.00107719928186715:16535691264:5404938240:8589930496:720896000:100861726720:6203109376:46384134384:326885911386
pve2.3-vm/154:1577609:uptimekuma:running:0:1783114199:1:0.00559089878709023:536870912:244617216:6249086976:2766495744:14358635435:2454573185:3515047936:72985264128
pve2.3-vm/157:1577606:beszel:running:0:1783114199:1:0.00186363292903008:536870912:118849536:6249086976:1347624960:1542392993:470648148:545406976:25025277952
pve2.3-vm/162:1577593:logging:running:0:1783114199:2:0.00630346431877821:1073741824:251547648:10464022528:2118610944:1600471257:1940974445:787087360:16039596032
pve2-storage/proxmox/hdd-storage:1783114199:983350091776:188994846720
pve2-storage/proxmox/hdd-backup:1783114199:983350091776:188994846720
pve2-storage/proxmox/local-lvm:1783114199:374538764288:82810520784
pve2.3-vm/152:1577613:caddy:running:0:1783114199:1:0.00285026212675188:536870912:161804288:6249086976:3626999808:48390443018:43474429530:910524416:4179615744
pve2.3-vm/155:0:forge:stopped:0:1783114199:4:U:4294967296:U:42949672960:0:U:U:U:U
pve2.3-vm/160:1577598:adguard:running:0:1783114199:1:0.00230213479468421:536870912:159469568:2040373248:1892446208:1493703220:624609788:620113920:11070910464
pve2.3-vm/158:1577603:ntfy:running:0:1783114199:1:0.00197325839544361:536870912:114933760:6249086976:1660960768:1134443290:303184634:553541632:12702232576
pve2.3-vm/163:1478542:docker-host:running:0:1783114199:2:0.0058101497199173:2147483648:234893312:20957446144:2023473152:1192596236:135497296:1768005632:3666374656
pve2-storage/proxmox/local:1783114199:100861726720:6203109376
pve2.3-vm/153:198679:jellyfin:running:0:1783114199:4:0.00186363292903008:4294967296:1198743552:33501757440:10405085184:394481853:4794364511:6069547008:14328619008
pve2.3-vm/161:1577595:byparr:running:0:1783114199:1:0.00252138572751128:1073741824:112291840:6257475584:3811680256:1273395472:228075062:237584916480:38001704960
pve2.3-vm/156:0:nexus:stopped:0:1783114199:2:U:2147483648:U:21474836480:0:U:U:U:U
pve2.3-vm/159:1577601:apprise:running:0:1783114199:1:0.00241176026109775:536870912:281522176:6249086976:1630932992:1143404440:2481176304:1309913088:10378452992
