pve2.3-vm/151:2182408:img-server:running:0:1783718991:4:0.00204777139901363:6442450944:543084544:31526391808:16523083776:1481481897:483358539:1499697152:49588908032
pve2-node/proxmox:2182420::1783718991:0.26:12:0.00711456059503598:0.00121270919233568:16535691264:4992880640:8589930496:1652555776:100861726720:6212505600:60884688459:450942656778
pve2.3-vm/154:2182402:uptimekuma:running:0:1783718991:1:0.00542782780461443:536870912:246247424:6249086976:2776629248:19768366830:2695330989:3586822144:100556357632
pve2.3-vm/157:2182398:beszel:running:0:1783718991:1:0.00177638000878291:536870912:110428160:6249086976:1356492800:2125984154:654087668:615624704:34740039680
pve2.3-vm/162:2182386:logging:running:0:1783718991:2:0.0043916061328244:1073741824:242954240:10464022528:2118832128:2185643684:2669195812:808112128:22774161408
pve2-storage/proxmox/hdd-storage:1783718992:983350091776:203121684480
pve2-storage/proxmox/hdd-backup:1783718992:983350091776:203121684480
pve2-storage/proxmox/local-lvm:1783718992:374538764288:82922882413
pve2.3-vm/152:2182406:caddy:running:0:1783718991:1:0.00315800890450294:536870912:169512960:6249086976:3635384320:62149758867:57408093919:917790720:5643792384
pve2.3-vm/155:0:forge:stopped:0:1783718991:4:U:4294967296:U:42949672960:0:U:U:U:U
pve2.3-vm/160:2182391:adguard:running:0:1783718991:1:0.00207244334358006:536870912:176795648:2040373248:1916223488:2049325524:857132389:642781184:11569184768
pve2.3-vm/158:2182396:ntfy:running:0:1783718991:1:0.00217113112184577:536870912:109772800:6249086976:1678200832:1562372091:423506956:631107584:17498517504
pve2.3-vm/163:2083335:docker-host:running:0:1783718991:2:0.00592126669594302:2147483648:196423680:20957446144:2036408320:1587971314:174673921:1891217408:4784852992
pve2-storage/proxmox/local:1783718992:100861726720:6212509696
pve2.3-vm/153:803472:jellyfin:running:0:1783718991:4:0.00222047501097863:4294967296:1312980992:33501757440:10369617920:12060765780:22257564948:84485406720:95775940608
pve2.3-vm/161:2182388:byparr:running:0:1783718991:1:0.00276325779144007:1073741824:119394304:6257475584:3826905088:1746980473:314828257:270839042048:55658717184
pve2.3-vm/156:0:nexus:stopped:0:1783718991:2:U:2147483648:U:21474836480:0:U:U:U:U
pve2.3-vm/159:2182394:apprise:running:0:1783718991:1:0.00226981890011149:536870912:295264256:6249086976:1647067136:1571852420:3433369594:1398878208:14329675776
