pve2.3-vm/151:540812:img-server:running:0:1782077396:4:0.00222248959716401:6442450944:896991232:31526391808:16514166784:356070320:118382392:1064181760:11830874112
pve2-node/proxmox:540825::1782077396:0.04:12:0.00737498986951941:0.0012156576707999:16535691264:5492334592:8589930496:795082752:100861726720:5960249344:32543500099:112917451711
pve2.3-vm/154:540807:uptimekuma:running:0:1782077396:1:0.00533397503319363:536870912:244797440:6249086976:2741354496:4916515483:885710028:3434713088:25276047360
pve2.3-vm/157:540803:beszel:running:0:1782077396:1:0.00187676899316072:536870912:100569088:6249086976:1322127360:512723588:159434657:454447104:8500711424
pve2.3-vm/162:540791:logging:running:0:1782077396:2:0.00419803590575424:1073741824:244133888:10464022528:2110971904:540758979:678428033:670142464:4855812096
pve2-storage/proxmox/hdd-storage:1782077396:983350091776:183591403520
pve2-storage/proxmox/hdd-backup:1782077396:983350091776:183591403520
pve2-storage/proxmox/local-lvm:1782077396:374538764288:82211258761
pve2.3-vm/152:540810:caddy:running:0:1782077396:1:0.00306209677831486:536870912:140898304:6249086976:3627192320:21744458516:18315285603:881266688:1885212672
pve2.3-vm/155:0:forge:stopped:0:1782077396:4:U:4294967296:U:42949672960:0:U:U:U:U
pve2.3-vm/160:540795:adguard:running:0:1782077396:1:0.00217310093944925:536870912:140423168:2040373248:1551806464:488440474:202021585:475312128:4046401536
pve2.3-vm/158:540801:ntfy:running:0:1782077396:1:0.0016792143623017:536870912:105328640:6249086976:1644240896:372977315:101490100:461750272:4191342592
pve2.3-vm/163:441740:docker-host:running:0:1782077396:2:0.00498825442919034:2147483648:246747136:20957446144:2006732800:485432620:76328899:1595711488:2072051712
pve2-storage/proxmox/local:1782077396:100861726720:5960249344
pve2.3-vm/153:540809:jellyfin:running:0:1782077396:4:0.00207432362401974:4294967296:1175613440:33501757440:12866535424:28912184649:24306960146:37924966400:76360835072
pve2.3-vm/161:540793:byparr:running:0:1782077396:1:0.00266698751659681:1073741824:107065344:6257475584:3794886656:407503909:75512939:102549467136:9706328064
pve2.3-vm/156:0:nexus:stopped:0:1782077396:2:U:2147483648:U:21474836480:0:U:U:U:U
pve2.3-vm/159:540799:apprise:running:0:1782077396:1:0.00207432362401974:536870912:316661760:6249086976:1612492800:378337818:850785542:1179934720:3534635008
