pve2.3-vm/151:1750408:img-server:running:0:1783286992:4:0.00197385862215218:6442450944:537661440:31526391808:16522366976:1199207135:388673353:1471586304:39630069760
pve2-node/proxmox:1750421::1783286992:0.13:12:0.00783585103804831:0.00121172954196623:16535691264:4989440000:8589930496:1498152960:100861726720:6202191872:58238869196:370940658866
pve2.3-vm/154:1750403:uptimekuma:running:0:1783286992:1:0.00513203241759567:536870912:237215744:6249086976:2766557184:15909568585:2524178046:3578933248:80947007488
pve2.3-vm/157:1750399:beszel:running:0:1783286992:1:0.00167777982882935:536870912:101191680:6249086976:1347653632:1714931628:523297700:609419264:27857506304
pve2.3-vm/162:1750387:logging:running:0:1783286992:2:0.00424379603762719:1073741824:238993408:10464022528:2118746112:1774979410:2149971184:798564352:17912725504
pve2-storage/proxmox/hdd-storage:1783286992:983350091776:198551040000
pve2-storage/proxmox/hdd-backup:1783286992:983350091776:198551040000
pve2-storage/proxmox/local-lvm:1783286992:374538764288:82847974660
pve2.3-vm/152:1750406:caddy:running:0:1783286992:1:0.0032568667265511:536870912:158986240:6249086976:3626995712:48829628554:43838236946:915259392:4630196224
pve2.3-vm/155:0:forge:stopped:0:1783286992:4:U:4294967296:U:42949672960:0:U:U:U:U
pve2.3-vm/160:1750391:adguard:running:0:1783286992:1:0.0021712444843674:536870912:159158272:2040373248:1916223488:1660381315:693880741:635195392:11567521792
pve2.3-vm/158:1750397:ntfy:running:0:1783286992:1:0.00207255155325979:536870912:100343808:6249086976:1677737984:1262507843:337712844:617594880:14137303040
pve2.3-vm/163:1651336:docker-host:running:0:1783286992:2:0.00532941827981089:2147483648:197283840:20957446144:2031861760:1312658299:150064436:1864220672:4110086144
pve2-storage/proxmox/local:1783286992:100861726720:6202195968
pve2.3-vm/153:371473:jellyfin:running:0:1783286992:4:0.00229461064825191:4294967296:1260331008:33501757440:10425831424:11136394105:6529040268:19872919552:45624127488
pve2.3-vm/161:1750389:byparr:running:0:1783286992:1:0.00276340207101305:1073741824:121491456:6257475584:3818516480:1414654537:252443979:244692058112:42299412480
pve2.3-vm/156:0:nexus:stopped:0:1783286992:2:U:2147483648:U:21474836480:0:U:U:U:U
pve2.3-vm/159:1750395:apprise:running:0:1783286992:1:0.00197385862215218:536870912:278065152:6249086976:1639612416:1271317651:2753053332:1376026624:11531837440
