pve2.3-vm/151:180846:img-server:running:0:1781299794:4:0.000965525210218453:6442450944:797192192:31526391808:16058372096:282534180:69205589:835772416:1258209280
pve2-node/proxmox:180902::1781299794:0.00:12:0.00381555447312875:0.000730638090599123:16535687168:4311142400:8589930496:362020864:100861726720:5282103296:736804331:6851848566
pve2.3-vm/154:180711:uptimekuma:running:0:1781299794:1:0.00613975005472247:536870912:218349568:6249086976:2278535168:1649706593:193154959:315142144:6344437760
pve2.3-vm/157:180666:beszel:running:0:1781299794:1:9.90282266890721e-05:536870912:37732352:6249086976:860332032:335743487:45891194:176799744:1533272064
pve2-storage/proxmox/hdd-storage:1781299794:983350091776:151337533440
pve2-storage/proxmox/hdd-backup:1781299794:983350091776:151337533440
pve2.3-vm/160:180531:adguard:running:0:1781299794:1:9.90282266890721e-05:536870912:83697664:2040373248:871886848:301888809:38137209:179478528:14016512
pve2.3-vm/152:180801:caddy:running:0:1781299794:1:0.00138639517364701:536870912:92504064:6249086976:3173023744:7218090815:6507897990:250814464:77881344
pve2.3-vm/155:0:forge:stopped:0:1781299794:4:U:4294967296:U:42949672960:0:U:U:U:U
pve2-storage/proxmox/local-lvm:1781299794:374538764288:71574357855
pve2.3-vm/158:180621:ntfy:running:0:1781299794:1:0.000198056453378144:536870912:45023232:6249086976:1175748608:292986920:33009538:175468544:13484032
pve2-storage/proxmox/local:1781299794:100861726720:5282103296
pve2.3-vm/153:180756:jellyfin:running:0:1781299794:4:0.000445627020100824:4294967296:1031401472:33501757440:9862934528:373863170:7583703344:7507779584:7542972416
pve2.3-vm/161:180486:byparr:running:0:1781299794:1:0.000792225813512577:1073741824:73281536:6257475584:3335000064:281599233:14477733:796635136:321036288
pve2.3-vm/156:0:nexus:stopped:0:1781299794:2:U:2147483648:U:21474836480:0:U:U:U:U
pve2.3-vm/159:180576:apprise:running:0:1781299794:1:0.000396112906756288:536870912:225746944:6249086976:1142730752:285485106:275448039:182972416:17772544
