pve2.3-vm/151:800015:img-server:running:0:1782336599:4:0.00213732125407394:6442450944:671100928:31526391808:16514519040:599025040:175495764:1214496768:17822568448
pve2-node/proxmox:800028::1782336599:0.10:12:0.00627690100430416:0.00134505021520803:16535691264:5098209280:8589930496:1210580992:100861726720:5970157568:35191704972:180145762296
pve2.3-vm/154:800009:uptimekuma:running:0:1782336599:1:0.00569952334419717:536870912:223784960:6249086976:2749841408:7406781946:1645116927:3499065344:37320286208
pve2.3-vm/157:800006:beszel:running:0:1782336599:1:0.00175369949052221:536870912:101744640:6249086976:1330499584:830964966:236296971:528662528:12693344256
pve2.3-vm/162:799993:logging:running:0:1782336599:2:0.00411023318091142:1073741824:249667584:10464022528:2114543616:872707195:995344370:737894400:7671459840
pve2-storage/proxmox/hdd-storage:1782336599:983350091776:185883938816
pve2-storage/proxmox/hdd-backup:1782336599:983350091776:185883938816
pve2-storage/proxmox/local-lvm:1782336599:374538764288:82435982019
pve2.3-vm/152:800013:caddy:running:0:1782336599:1:0.00339779276288677:536870912:144613376:6249086976:3627192320:34141646285:30877765865:900222976:2534588416
pve2.3-vm/155:0:forge:stopped:0:1782336599:4:U:4294967296:U:42949672960:0:U:U:U:U
pve2.3-vm/160:799998:adguard:running:0:1782336599:1:0.00219212436315276:536870912:145272832:2040373248:1639845888:803398829:309550083:498094080:5912797184
pve2.3-vm/158:800003:ntfy:running:0:1782336599:1:0.00197291192683748:536870912:97832960:6249086976:1644240896:624180772:150985269:530214912:6419591168
pve2.3-vm/163:700942:docker-host:running:0:1782336599:2:0.00515149225340898:2147483648:229462016:20957446144:2015121408:725027828:91716597:1674948608:2590756864
pve2-storage/proxmox/local:1782336599:100861726720:5970157568
pve2.3-vm/153:800011:jellyfin:running:0:1782336599:4:0.00224692747223158:4294967296:1157378048:33501757440:13817999360:29806006000:37295375008:88468025344:120356634624
pve2.3-vm/161:799995:byparr:running:0:1782336599:1:0.00263054923578331:1073741824:112025600:6257475584:3803377664:687424692:114352711:113262411776:16877498368
pve2.3-vm/156:0:nexus:stopped:0:1782336599:2:U:2147483648:U:21474836480:0:U:U:U:U
pve2.3-vm/159:800001:apprise:running:0:1782336599:1:0.00230173058131039:536870912:280129536:6249086976:1621303296:631997171:1259046828:1269895168:5338374144
