pve2.3-vm/151:353649:img-server:running:0:1781472597:4:0.00192086771340067:6442450944:882724864:31526391808:16505507840:531458287:109482005:924413952:5368573952
pve2-node/proxmox:353705::1781472597:0.13:12:0.00890207715133531:0.00161855948206097:16535687168:5040246784:8589930496:785383424:100861726720:5935321088:5485516751:39108742403
pve2.3-vm/154:353514:uptimekuma:running:0:1781472597:1:0.00823229020028858:536870912:219009024:6249086976:2723323904:3244437348:512077452:2623168512:14381899776
pve2.3-vm/157:353469:beszel:running:0:1781472597:1:0.00186598577873208:536870912:91627520:6249086976:1304625152:608325489:99781204:1236570112:3970207744
pve2.3-vm/162:119305:logging:running:0:1781472597:2:0.00384173542680134:1073741824:254136320:10464022528:2095284224:401119849:156214616:3325071360:3401830400
pve2-storage/proxmox/hdd-storage:1781472597:983350091776:154254069760
pve2-storage/proxmox/hdd-backup:1781472597:983350091776:154254069760
pve2.3-vm/160:117681:adguard:running:0:1781472597:1:0.00208551351740644:536870912:135278592:2040373248:1348288512:207939587:36202866:1359556608:1223901184
pve2.3-vm/152:115997:caddy:running:0:1781472597:1:0.00340267994945261:536870912:130904064:6249086976:3616501760:2859161314:2414378591:1353363456:263241728
pve2.3-vm/155:0:forge:stopped:0:1781472597:4:U:4294967296:U:42949672960:0:U:U:U:U
pve2-storage/proxmox/local-lvm:1781472597:374538764288:79140040894
pve2.3-vm/158:353424:ntfy:running:0:1781472597:1:0.00164645804005772:536870912:92930048:6249086976:1619058688:518573615:66986703:1718071296:1115049984
pve2-storage/proxmox/local:1781472597:100861726720:5935325184
pve2.3-vm/153:353559:jellyfin:running:0:1781472597:4:0.00194830868073496:4294967296:1187880960:33501757440:10303729664:2546393132:12771924958:12345610240:18845519872
pve2.3-vm/161:353289:byparr:running:0:1781472597:1:0.00274409673342953:1073741824:113070080:6257475584:3778199552:498731704:34588588:1939537920:1979613184
pve2.3-vm/156:0:nexus:stopped:0:1781472597:2:U:2147483648:U:21474836480:0:U:U:U:U
pve2.3-vm/159:353379:apprise:running:0:1781472597:1:0.00384173542680134:536870912:179507200:6249086976:1586282496:504732057:542047715:1977212928:1147060224
