pve2.3-vm/151:693396:img-server:running:0:1784496598:4:0.00232076255843132:6442450944:880422912:31526391808:16534487040:435159197:150604185:1033965568:8586932224
pve2.3-vm/162:692994:logging:running:0:1784496598:2:0.00409836792233615:1073741824:242159616:10464022528:2333016064:642294044:823788175:619954176:14586339328
pve2.3-vm/154:693261:uptimekuma:running:0:1784496598:1:0.0104681204763285:536870912:274370560:6249086976:2810445824:6180623434:277087924:847708160:33914359808
pve2.3-vm/157:693217:beszel:running:0:1784496598:1:0.00217262877810591:536870912:104488960:6249086976:1373618176:729223769:296404158:462761984:11030630400
pve2-node/proxmox:693452::1784496598:0.05:12:0.0101313016696385:0.0020262603339277:16535691264:5507149824:8589930496:525336576:100861726720:6453370880:11112087493:278250110484
pve2-storage/proxmox/hdd-storage:1784496598:983350091776:211076849664
pve2-storage/proxmox/hdd-backup:1784496598:983350091776:211076849664
pve2-storage/proxmox/local-lvm:1784496598:374538764288:83597052189
pve2.3-vm/152:693351:caddy:running:0:1784496598:1:0.00345645487425941:536870912:142974976:6249086976:3660607488:17929237242:13139262895:577654784:3797569536
pve2.3-vm/163:692949:docker-host:running:0:1784496598:2:0.00597472913979126:2147483648:220147712:20957446144:2061598720:436901656:46239425:497504256:995135488
pve2.3-vm/155:0:forge:stopped:0:1784496598:4:U:4294967296:U:42949672960:0:U:U:U:U
pve2.3-vm/158:693172:ntfy:running:0:1784496598:1:0.00237014048520645:536870912:110100480:6249086976:1703391232:545681170:213612003:455561216:4104904704
pve2.3-vm/160:366627:adguard:running:0:1784496598:1:0.00434525755621182:536870912:161431552:2040373248:1490989056:328015628:140669950:488681472:848072704
pve2-storage/proxmox/local:1784496598:100861726720:6453370880
pve2.3-vm/161:693039:byparr:running:0:1784496598:1:0.00306143146005833:1073741824:104603648:6257475584:3843686400:492972302:81616191:173609705472:14002941952
pve2.3-vm/153:693306:jellyfin:running:0:1784496598:4:0.00681415389496854:4294967296:1347211264:33501757440:10461777920:5864686841:21910653194:20557520896:46945226752
pve2.3-vm/156:0:nexus:stopped:0:1784496598:2:U:2147483648:U:21474836480:0:U:U:U:U
pve2.3-vm/159:693127:apprise:running:0:1784496598:1:0.00306143146005833:536870912:277667840:6249086976:1665155072:456080296:1077022715:598016000:3345395712
