pve2.3-vm/151:368010:img-server:running:0:1781904594:4:0.00192628322019519:6442450944:884310016:31526391808:16514605056:241129408:80476493:979619840:8267091968
pve2-node/proxmox:368023::1781904594:0.10:12:0.00656774507419119:0.00121624908781318:16535691264:5296525312:8589930496:515637248:100861726720:5958803456:9031361273:61384036231
pve2.3-vm/154:368005:uptimekuma:running:0:1781904594:1:0.00503797149897204:536870912:243245056:6249086976:2741219328:3347904780:479861218:3422433280:17194393600
pve2.3-vm/157:368001:beszel:running:0:1781904594:1:0.00177810758787249:536870912:95559680:6249086976:1321889792:347644912:107579632:393756672:5715251200
pve2.3-vm/162:367988:logging:running:0:1781904594:2:0.00429709333735851:1073741824:242225152:10464022528:2107645952:367638527:462677986:587612160:3152142336
pve2-storage/proxmox/hdd-storage:1781904594:983350091776:162424119296
pve2-storage/proxmox/hdd-backup:1781904594:983350091776:162424119296
pve2-storage/proxmox/local-lvm:1781904594:374538764288:81911627749
pve2.3-vm/152:368008:caddy:running:0:1781904594:1:0.00316108015621775:536870912:145797120:6249086976:3624927232:7526333286:6735136819:510537728:1047465984
pve2.3-vm/155:0:forge:stopped:0:1781904594:4:U:4294967296:U:42949672960:0:U:U:U:U
pve2.3-vm/160:367993:adguard:running:0:1781904594:1:0.00227202636228151:536870912:134959104:2040373248:1498480640:327138749:133573489:454230016:2717499392
pve2.3-vm/158:367998:ntfy:running:0:1781904594:1:0.0019756750976361:536870912:101019648:6249086976:1635852288:252605552:69078538:400564224:2856837120
pve2.3-vm/163:268937:docker-host:running:0:1781904594:2:0.00484040398920843:2147483648:222527488:20957446144:1998344192:333998522:28253001:1532620800:1246408704
pve2-storage/proxmox/local:1781904594:100861726720:5958803456
pve2.3-vm/153:368006:jellyfin:running:0:1781904594:4:0.00266716138180873:4294967296:1135542272:33501757440:10367913984:6767081309:9193897872:10821365760:28950622208
pve2.3-vm/161:367990:byparr:running:0:1781904594:1:0.00286472889157234:1073741824:107073536:6257475584:3786600448:267425916:50247825:5951000576:4816015360
pve2.3-vm/156:0:nexus:stopped:0:1781904594:2:U:2147483648:U:21474836480:0:U:U:U:U
pve2.3-vm/159:367997:apprise:running:0:1781904594:1:0.0021732426073997:536870912:281346048:6249086976:1612193792:256121044:578632676:1170235392:2373459968
