pve2-storage/proxmox/local-lvm:1780694991:374538764288:56517899531
pve2.3-vm/155:0:forge:stopped:0:1780694991:4:U:4294967296:U:42949672960:0:U:U:U:U
pve2.3-vm/154:20594:uptimekuma:running:0:1780694991:1:0.0194482028020828:536870912:197746688:6249086976:2276028416:156555836:13277726:258584576:570130432
pve2-storage/proxmox/local:1780694991:100861726720:5203869696
pve2.3-vm/153:20639:jellyfin:running:0:1780694991:4:0.00119070629400507:4294967296:898748416:33501757440:8632758272:19769967:121952450:900861952:485056512
pve2.3-vm/159:20461:apprise:running:0:1780694991:1:0.000496127622502112:536870912:211800064:6249086976:1122734080:7513621:30023093:343621632:2953216
pve2.3-vm/152:20684:caddy:running:0:1780694991:1:0.00158760839200676:536870912:68648960:6249086976:3172843520:27409696:24142619:248799232:1777664
pve2.3-vm/158:20505:ntfy:running:0:1780694991:1:0:536870912:27496448:6249086976:1166209024:7326693:1800542:398352384:2256896
pve2-node/proxmox:20795::1780695001:0.02:12:0.00904276985743381:0.000733197556008147:16535687168:3915567104:8589930496:0:100861726720:5203873792:33451133:35368911
pve2.3-vm/157:20549:beszel:running:0:1780694991:1:9.92255245004224e-05:536870912:26595328:6249086976:858451968:9689836:2131813:116760576:96276480
pve2-storage/proxmox/hdd-backup:1780694991:983350091776:122170925056
pve2.3-vm/151:20729:img-server:running:0:1780694991:4:0.000967448863879119:6442450944:770543616:31526391808:16016015360:7506578:3803477:697823232:426917888
pve2.3-vm/156:0:nexus:stopped:0:1780694991:2:U:2147483648:U:21474836480:0:U:U:U:U
pve2-storage/proxmox/hdd-storage:1780694991:983350091776:122170925056
